$ 1 0.000005 10.20027730826997 50 5 50 5e-11
v 144 352 144 80 0 0 40 5 0 0 0.5
w 144 80 256 80 0
w 256 80 368 80 0
r 368 80 368 160 0 100000
w 368 352 144 352 0
p 496 160 496 352 3 0 0
w 416 352 368 352 0
r 256 256 320 256 0 1000
g 144 352 144 400 0 0
p 256 256 256 336 3 0 0
w 256 336 256 352 0
w 256 352 368 352 0
w 320 352 368 352 0
t 320 208 368 208 0 -1 9.999999989813075 8.592641904518967 100 default
w 320 208 320 256 0
R 256 192 208 192 0 2 10 5 5 0 0.5
w 256 192 256 256 0
w 368 160 368 192 0
w 416 160 368 160 0
w 496 160 416 160 0
w 496 352 416 352 0
c 416 160 416 352 0 1.0000000000000001e-7 1.407358085294108 0.001
370 368 224 368 352 1 0 0
p 592 160 592 352 3 0 0
w 592 352 496 352 0
182 496 160 592 160 0 0.5 1.66 3.33 5 0
o 5 64 0 4098 5 0.1 0 1
o 22 64 0 4099 0.0000762939453125 0.4 1 2 22 3
o 23 64 0 4098 5 0.1 2 1
